ibn_settl_err: 3.682329999999999e-06
ibns_20u: 2.09076e-05
ibns_20u_9n: 1.722527e-05
vgs_m1: 0.6206533
