ibn_settl_err: 3.3000000000275647e-10
ibns_20u: 2.100343e-05
ibns_20u_9n: 2.10031e-05
vgs_m1: 0.6734935
