ibn_settl_err: 2.580869999999999e-06
ibns_20u: 1.707071e-05
ibns_20u_9n: 1.448984e-05
vgs_m1: 0.6105828
