ibn_settl_err: 3.762480000000002e-06
ibns_20u: 2.194083e-05
ibns_20u_9n: 1.817835e-05
vgs_m1: 0.619706
