ibn_settl_err: 1.1597455000000002e-05
ibns_20u: 2.118699e-05
ibns_20u_9n: 9.589535e-06
vgs_m1: 0.7109036
