ibn_settl_err: 4.282920000000001e-06
ibns_20u: 2.373885e-05
ibns_20u_9n: 1.945593e-05
vgs_m1: 0.6234464
