ibn_settl_err: 2.703820000000001e-06
ibns_20u: 2.232775e-05
ibns_20u_9n: 1.962393e-05
vgs_m1: 0.6393009
