ibn_settl_err: 3.400000000000679e-10
ibns_20u: 2.088829e-05
ibns_20u_9n: 2.088795e-05
vgs_m1: 0.6717667
