ibn_settl_err: 4.299999999995876e-10
ibns_20u: 2.416573e-05
ibns_20u_9n: 2.41653e-05
vgs_m1: 0.6786729
