ibn_settl_err: 3.8139599999999983e-06
ibns_20u: 2.237588e-05
ibns_20u_9n: 1.856192e-05
vgs_m1: 0.6191223
