ibn_settl_err: 4.2568e-06
ibns_20u: 2.315955e-05
ibns_20u_9n: 1.890275e-05
vgs_m1: 0.62329
