ibn_settl_err: 5.169340000000001e-06
ibns_20u: 2.138038e-05
ibns_20u_9n: 1.621104e-05
vgs_m1: 0.5882746
