ibn_settl_err: 2.9185899999999988e-06
ibns_20u: 1.848906e-05
ibns_20u_9n: 1.557047e-05
vgs_m1: 0.6140856
