ibn_settl_err: 3.7246199999999996e-06
ibns_20u: 2.138606e-05
ibns_20u_9n: 1.766144e-05
vgs_m1: 0.6193876
