ibn_settl_err: 3.1000000000135737e-10
ibns_20u: 1.911574e-05
ibns_20u_9n: 1.911543e-05
vgs_m1: 0.6730806
