ibn_settl_err: 4.500000000009867e-10
ibns_20u: 2.512094e-05
ibns_20u_9n: 2.512049e-05
vgs_m1: 0.6807116
