ibn_settl_err: 3.2999999999936834e-10
ibns_20u: 2.048188e-05
ibns_20u_9n: 2.048155e-05
vgs_m1: 0.6736105
