ibn_settl_err: 3.417919999999998e-06
ibns_20u: 1.989278e-05
ibns_20u_9n: 1.647486e-05
vgs_m1: 0.6174091
