ibn_settl_err: 3.954249999999997e-06
ibns_20u: 2.264056e-05
ibns_20u_9n: 1.868631e-05
vgs_m1: 0.6208082
