ibn_settl_err: 3.341989999999999e-06
ibns_20u: 2.065067e-05
ibns_20u_9n: 1.730868e-05
vgs_m1: 0.6153065
