ibn_settl_err: 3.000000000006578e-10
ibns_20u: 1.892198e-05
ibns_20u_9n: 1.892168e-05
vgs_m1: 0.66664
