ibn_settl_err: 2.6999999999855915e-10
ibns_20u: 1.903838e-05
ibns_20u_9n: 1.903811e-05
vgs_m1: 0.668837
