ibn_settl_err: 3.0609600000000006e-06
ibns_20u: 1.919086e-05
ibns_20u_9n: 1.61299e-05
vgs_m1: 0.612884
