ibn_settl_err: 1.6562999999999997e-06
ibns_20u: 2.232186e-05
ibns_20u_9n: 2.066556e-05
vgs_m1: 0.5221528
