ibn_settl_err: 3.7000000000216656e-10
ibns_20u: 2.124472e-05
ibns_20u_9n: 2.124435e-05
vgs_m1: 0.6759133
