ibn_settl_err: 7.099999999988463e-10
ibns_20u: 2.05444e-05
ibns_20u_9n: 2.054369e-05
vgs_m1: 0.7643126
