ibn_settl_err: 4.02171e-06
ibns_20u: 2.180251e-05
ibns_20u_9n: 1.77808e-05
vgs_m1: 0.6233221
