ibn_settl_err: 9.55743e-06
ibns_20u: 2.131802e-05
ibns_20u_9n: 1.176059e-05
vgs_m1: 0.6990648
