ibn_settl_err: 4.799999999996972e-10
ibns_20u: 2.06402e-05
ibns_20u_9n: 2.063972e-05
vgs_m1: 0.7500906
