ibn_settl_err: 3.9256499999999986e-06
ibns_20u: 2.238847e-05
ibns_20u_9n: 1.846282e-05
vgs_m1: 0.6221402
