ibn_settl_err: 1.996960000000002e-06
ibns_20u: 2.235643e-05
ibns_20u_9n: 2.035947e-05
vgs_m1: 0.6284555
