ibn_settl_err: 3.0999999999796924e-10
ibns_20u: 2.025481e-05
ibns_20u_9n: 2.02545e-05
vgs_m1: 0.6728324
