ibn_settl_err: 3.7000000000216656e-10
ibns_20u: 2.45764e-05
ibns_20u_9n: 2.457603e-05
vgs_m1: 0.6795211
