ibn_settl_err: 2.6999999999855915e-10
ibns_20u: 1.962708e-05
ibns_20u_9n: 1.962681e-05
vgs_m1: 0.6704688
