ibn_settl_err: 3.052799999999999e-06
ibns_20u: 1.879367e-05
ibns_20u_9n: 1.574087e-05
vgs_m1: 0.6161908
