ibn_settl_err: 3.889380000000002e-06
ibns_20u: 2.262277e-05
ibns_20u_9n: 1.873339e-05
vgs_m1: 0.6183104
