ibn_settl_err: 3.067420000000002e-06
ibns_20u: 1.873981e-05
ibns_20u_9n: 1.567239e-05
vgs_m1: 0.6159146
