ibn_settl_err: 5.0000000000109636e-11
ibns_20u: 2.145972e-05
ibns_20u_9n: 2.145967e-05
vgs_m1: 0.6773652
