ibn_settl_err: 2.9728400000000025e-06
ibns_20u: 1.863056e-05
ibns_20u_9n: 1.565772e-05
vgs_m1: 0.6134448
