ibn_settl_err: 4.063639999999999e-06
ibns_20u: 2.289638e-05
ibns_20u_9n: 1.883274e-05
vgs_m1: 0.6210805
