ibn_settl_err: 2.399999999998486e-10
ibns_20u: 1.90026e-05
ibns_20u_9n: 1.900236e-05
vgs_m1: 0.668314
