ibn_settl_err: 3.9000000000017753e-10
ibns_20u: 2.279607e-05
ibns_20u_9n: 2.279568e-05
vgs_m1: 0.6762303
