ibn_settl_err: 2.999999999972697e-10
ibns_20u: 1.994455e-05
ibns_20u_9n: 1.994425e-05
vgs_m1: 0.672164
