ibn_settl_err: 4.163680000000001e-06
ibns_20u: 2.26747e-05
ibns_20u_9n: 1.851102e-05
vgs_m1: 0.6236603
