ibn_settl_err: 3.5999999999807887e-10
ibns_20u: 2.067841e-05
ibns_20u_9n: 2.067805e-05
vgs_m1: 0.672331
