ibn_settl_err: 4.292459999999997e-06
ibns_20u: 2.334187e-05
ibns_20u_9n: 1.904941e-05
vgs_m1: 0.6242791
