ibn_settl_err: 3.0999999999796924e-10
ibns_20u: 1.75004e-05
ibns_20u_9n: 1.750009e-05
vgs_m1: 0.6643613
