ibn_settl_err: 3.375989999999999e-06
ibns_20u: 2.059294e-05
ibns_20u_9n: 1.721695e-05
vgs_m1: 0.6179823
