ibn_settl_err: 3.9000000000017753e-10
ibns_20u: 2.40012e-05
ibns_20u_9n: 2.400081e-05
vgs_m1: 0.6775497
