ibn_settl_err: 4.574550000000002e-06
ibns_20u: 2.352803e-05
ibns_20u_9n: 1.895348e-05
vgs_m1: 0.6263035
