ibn_settl_err: 4.062900000000001e-06
ibns_20u: 2.283887e-05
ibns_20u_9n: 1.877597e-05
vgs_m1: 0.6221345
