ibn_settl_err: 1.3149399999999993e-06
ibns_20u: 2.234224e-05
ibns_20u_9n: 2.10273e-05
vgs_m1: 0.5111675
