ibn_settl_err: 3.60000000001467e-10
ibns_20u: 2.24052e-05
ibns_20u_9n: 2.240484e-05
vgs_m1: 0.6745539
