ibn_settl_err: 6.270579999999999e-06
ibns_20u: 2.12579e-05
ibns_20u_9n: 1.498732e-05
vgs_m1: 0.6003023
