ibn_settl_err: 4.1000000000157664e-10
ibns_20u: 2.145011e-05
ibns_20u_9n: 2.14497e-05
vgs_m1: 0.6737498
