ibn_settl_err: 3.0299999999985124e-09
ibns_20u: 2.071071e-05
ibns_20u_9n: 2.070768e-05
vgs_m1: 0.662434
