ibn_settl_err: 3.6028599999999996e-06
ibns_20u: 2.043973e-05
ibns_20u_9n: 1.683687e-05
vgs_m1: 0.6199082
