ibn_settl_err: 3.79999999999478e-10
ibns_20u: 2.716981e-05
ibns_20u_9n: 2.716943e-05
vgs_m1: 0.6860319
