ibn_settl_err: 3.4657199999999977e-06
ibns_20u: 2.042999e-05
ibns_20u_9n: 1.696427e-05
vgs_m1: 0.6180163
