ibn_settl_err: 3.5999999999807887e-10
ibns_20u: 2.152704e-05
ibns_20u_9n: 2.152668e-05
vgs_m1: 0.5651692
