ibn_settl_err: 4.73711e-06
ibns_20u: 2.485985e-05
ibns_20u_9n: 2.012274e-05
vgs_m1: 0.6265929
