ibn_settl_err: 3.699999999987784e-10
ibns_20u: 2.256331e-05
ibns_20u_9n: 2.256294e-05
vgs_m1: 0.6757296
