ibn_settl_err: 3.3443500000000013e-06
ibns_20u: 2.012052e-05
ibns_20u_9n: 1.677617e-05
vgs_m1: 0.6183443
