ibn_settl_err: 3.60000000001467e-10
ibns_20u: 2.254184e-05
ibns_20u_9n: 2.254148e-05
vgs_m1: 0.6760984
