ibn_settl_err: 3.999999999941008e-11
ibns_20u: 2.148468e-05
ibns_20u_9n: 2.148464e-05
vgs_m1: 0.6639963
