ibn_settl_err: 4.143070000000002e-06
ibns_20u: 2.281336e-05
ibns_20u_9n: 1.867029e-05
vgs_m1: 0.6235654
