ibn_settl_err: 3.800000000028661e-10
ibns_20u: 2.0085e-05
ibns_20u_9n: 2.008462e-05
vgs_m1: 0.6702411
