ibn_settl_err: 4.049999999998716e-09
ibns_20u: 2.061667e-05
ibns_20u_9n: 2.061262e-05
vgs_m1: 0.677265
