ibn_settl_err: 4.1999999999888806e-10
ibns_20u: 2.183999e-05
ibns_20u_9n: 2.183957e-05
vgs_m1: 0.676102
