ibn_settl_err: 3.7964700000000013e-06
ibns_20u: 2.175949e-05
ibns_20u_9n: 1.796302e-05
vgs_m1: 0.6203465
