ibn_settl_err: 3.5250600000000018e-06
ibns_20u: 2.046644e-05
ibns_20u_9n: 1.694138e-05
vgs_m1: 0.6199205
