ibn_settl_err: 3.000000000006578e-10
ibns_20u: 2.017973e-05
ibns_20u_9n: 2.017943e-05
vgs_m1: 0.6727626
