ibn_settl_err: 3.5000000000076745e-10
ibns_20u: 2.231048e-05
ibns_20u_9n: 2.231013e-05
vgs_m1: 0.6713445
